make: Nothing to be done for `all'.
opened tty port </dev/cu.usbserial-310>.
pi-install: tty-usb=</dev/cu.usbserial-310> program=<kernel.img> about to boot
TRACE:simple_boot: sending 41864 bytes, crc32=6df60cfa
waiting for a start
putting code
bootloader: Done.
listening on ttyusb=</dev/cu.usbserial-310>
total RAM mem (bytes): 469762048
1
i: 0, st: 49283072, sz: 420478976
beg page: 12032, end page: 114688
12032 to 114688
num pages: 131072



in shot_example.c


jankencamera starting...
display: 640x480 pitch=2560
imx219: GPIO 44 set to HIGH, read back=1
camera buffer: initialized
camera: initialized
imx219: mode_select after standby = 0x00000000 (expect 0)
camera: format 640x480 stride=1280
unicam: CAM1 clock started
done init
imx219: frame_len=1763, line_len=3448
imx219: chip_id=0x00000219 (should be 0x0219)
imx219: mode_select=0x00000001 (1=streaming)
min expos: 1
max expos margin: 4
frame cnt: 2
exposure: 1000
gain: 0
camera: streaming started
streaming 640x480
gain: 8.000	ana gain: 8.000	dig gain: 1.000
gain: 8.000	ana gain: 8.000	dig gain: 1.000
cap: 2
displaying buf 0xC23AAC40
expos: 20000
gain: 8.000
ts: 7880955
delay: 0
error: 0
displaying buf 0xC279F440
expos: 40000
gain: 8.000
ts: 8916186
delay: 1035231
error: 35231
displaying buf 0xC23AAC40
expos: 20000
gain: 8.000
ts: 7880955
delay: 0
error: 0
displaying buf 0xC279F440
expos: 40000
gain: 8.000
ts: 8916186
delay: 1035231
error: 35231
displaying buf 0xC23AAC40
expos: 20000
gain: 8.000
ts: 7880955
delay: 0
error: 0
displaying buf 0xC279F440
expos: 40000
gain: 8.000
ts: 8916186
delay: 1035231
error: 35231
camera: streaming stopped


GOING TO DUMP CAMERA CAPTURE

72 73 69 74 74 74 70 73 70 74 71 75 70 71 79 76 79 81 86 78 84 88 84 83 92 88 89 80 86 87 88 85 85 84 80 81 79 85 79 69 70 72 69 66 72 73 69 79 71 72 77 66 72 70 71 70 76 69 68 71 76 68 71 70 72 70 75 68 80 71 88 71 84 71 91 73 87 72 83 69 91 72 82 68 79 69 78 65 76 67 71 66 72 66 70 66 73 71 71 69 73 73 69 70 71 78 74 68 68 72 79 70 69 71 72 80 78 79 81 83 81 88 87 86 82 85 88 84 97 90 89 82 83 83 86 81 80 80 75 74 70 73 66 74 68 71 73 76 73 72 74 67 79 69 75 69 70 68 75 68 73 67 77 70 75 69 77 72 76 69 86 72 84 66 88 73 89 75 95 76 103 75 90 72 84 74 79 67 78 72 72 67 73 66 77 70 68 68 76 70 70 74 73 76 72 74 70 69 70 71 71 74 74 74 77 76 77 78 85 86 93 89 100 97 106 94 110 107 113 101 100 96 97 95 97 91 88 82 73 76 70 72 74 67 68 78 71 70 72 77 74 68 77 66 76 66 76 69 77 69 69 68 70 68 77 68 75 71 87 74 96 74 107 85 98 76 105 79 110 81 105 79 101 75 100 76 93 73 84 69 73 70 71 70 73 68 74 69 74 68 72 74 75 73 68 74 74 69 70 77 68 73 73 71 74 83 82 82 88 97 100 114 110 123 123 126 121 108 113 111 131 111 115 108 105 104 100 91 81 84 72 73 70 72 70 74 72 73 71 79 75 66 71 67 72 72 73 67 72 68 76 70 73 70 84 71 84 68 96 76 108 78 113 83 113 86 119 83 113 80 116 78 115 77 103 76 100 73 90 74 76 68 74 67 71 67 73 69 70 70 71 78 75 70 71 75 71 75 70 74 71 74 73 83 86 88 84 98 104 106 105 123 121 134 124 118 127 113 116 113 126 112 116 110 106 100 101 98 94 87 85 82 71 72 71 75 72 71 73 73 78 70 76 68 76 66 72 66 72 70 73 72 76 71 87 71 84 78 107 79 115 80 125 87 121 90 119 78 105 72 103 77 112 76 104 75 102 78 98 74 91 72 74 66 72 70 78 74 74 70 74 79 77 76 69 78 71 75 74 77 71 77 86 89 86 93 92 106 107 110 106 112 118 115 105 105 109 104 106 102 98 102 103 98 107 95 103 107 94 99 88 85 82 78 75 74 76 78 70 74 77 69 80 65 74 68 73 68 73 70 77 72 83 73 94 74 100 80 105 81 115 79 124 74 97 77 102 78 98 75 98 76 99 75 102 74 93 79 105 74 89 67 82 72 73 68 73 68 73 68 72 78 75 74 74 74 72 76 76 75 80 88 85 91 98 101 106 103 114 107 114 112 104 107 102 105 95 94 100 99 107 101 104 97 97 97 103 106 108 109 103 93 90 77 79 76 71 73 74 75 73 66 72 72 78 68 77 68 70 68 85 70 92 76 96 73 109 80 107 80 112 84 104 78 100 80 111 86 121 85 107 90 112 81 97 73 92 77 101 77 96 71 94 71 84 69 75 69 73 70 72 77 72 76 72 75 75 77 75 78 90 88 92 93 101 100 110 109 112 110 116 99 115 104 126 113 119 116 148 134 138 122 126 117 111 91 101 99 95 95 103 101 99 89 89 73 75 72 75 79 77 71 75 70 75 67 76 72 77 71 86 78 89 77 98 86 109 78 103 79 106 77 109 79 108 87 129 87 123 80 123 88 129 87 119 79 102 73 90 74 100 75 101 74 90 70 74 76 73 69 71 73 78 78 73 78 76 81 75 77 87 88 91 101 110 106 114 110 102 96 102 104 106 105 130 135 139 131 143 118 122 119 134 118 115 92 92 86 95 95 103 91 113 100 91 89 76 71 76 78 77 67 72 71 78 71 80 68 74 70 85 72 91 73 111 82 108 83 105 75 92 76 89 73 95 74 97 77 105 80 99 79 105 70 105 78 82 73 101 76 99 77 104 71 96 71 83 67 83 72 74 78 76 77 74 77 76 77 77 76 88 93 92 104 110 108 115 115 117 102 108 110 105 95 100 100 101 103 112 109 125 112 111 99 107 103 101 110 106 105 110 107 108 105 100 94 89 78 72 78 82 71 81 69 81 72 84 70 79 71 90 69 105 77 116 85 122 79 117 82 107 87 127 88 116 78 107 84 120 82 111 82 106 79 113 77 119 81 117 81 108 81 115 76 101 72 93 71 74 65 83 78 82 79 81 87 80 86 76 82 84 93 107 103 115 115 117 136 128 136 125 136 134 143 142 134 130 128 128 123 120 117 125 126 129 128 129 136 130 139 122 120 116 129 114 103 98 85 77 76 81 71 80 70 86 71 81 73 80 72 90 79 106 81 122 82 124 79 127 87 138 89 134 89 133 93 136 86 127 84 106 78 118 86 120 87 129 99 146 86 131 89 128 88 113 75 99 69 73 71 76 80 80 85 76 84 82 87 75 84 84 101 119 108 124 126 140 145 148 150 160 158 159 145 139 145 131 121 120 119 121 118 119 110 130 136 150 163 148 140 126 137 134 111 121 109 101 91 76 83 82 75 84 73 83 69 92 73 81 73 95 81 116 83 123 89 137 101 141 100 161 96 180 103 135 95 129 83 115 80 117 81 124 83 121 89 149 101 142 91 134 86 133 81 123 81 111 80 84 70 84 84 83 83 82 80 88 77 77 84 90 104 122 133 144 155 150 145 133 156 165 168 162 157 154 120 109 121 115 113 118 115 118 111 109 123 146 149 138 137 139 139 141 124 126 116 111 101 99 77 83 76 90 68 83 68 86 70 81 73 100 86 126 98 147 102 150 88 142 88 151 99 165 99 119 82 110 79 114 81 115 82 108 77 99 79 133 90 134 86 136 90 139 85 130 85 115 80 106 67 85 88 81 77 77 82 78 87 79 91 99 119 139 137 153 147 155 149 150 143 145 143 163 148 115 108 121 116 111 114 119 111 112 106 109 107 116 133 137 137 141 142 150 138 139 120 118 120 102 93 89 71 82 71 81 74 82 75 80 76 115 87 136 99 158 93 156 98 156 104 144 89 137 93 119 77 87 73 101 79 113 81 97 75 90 78 109 80 126 91 148 99 134 94 140 88 131 81 108 80 85 84 78 80 76 79 76 78 80 94 122 132 138 144 160 149 162 182 168 157 149 137 147 147 126 107 87 84 99 124 129 118 121 91 97 111 153 129 138 140 139 140 176 150 164 150 139 133 121 102 90 79 80 71 80 67 75 71 84 79 121 84 148 92 158 98 177 98 160 98 154 98 129 97 142 91 125 79 129 86 128 85 122 85 107 84 141 120 139 88 156 96 152 99 161 98 133 89 117 82 83 82 77 83 75 81 77 78 82 102 119 135 150 169 173 171 170 169 181 161 185 153 154 141 169 147 143 121 133 124 140 133 131 120 127 133 169 289 151 156 143 155 173 155 168 143 138 136 132 118 85 72 78 76 76 74 81 72 92 81 122 94 145 95 157 100 182 105 176 105 158 95 149 98 187 98 152 89 130 90 127 91 137 92 133 94 226 92 151 94 172 94 169 105 171 95 153 93 139 87 84 81 72 81 75 79 75 79 81 95 123 138 149 168 172 176 187 179 191 170 177 157 162 156 167 171 167 162 170 148 153 167 149 137 153 159 141 145 158 148 174 171 167 157 143 154 154 159 136 128 91 74 80 71 79 69 78 71 81 74 115 92 142 98 170 100 162 112 191 107 164 106 165 98 165 103 195 122 174 110 180 109 175 110 160 101 144 93 159 103 157 96 143 90 151 93 142 97 137 87 87 92 79 79 77 74 79 78 77 86 106 111 130 147 156 160 153 145 163 177 181 176 180 161 173 170 183 266 250 229 224 235 219 217 187 163 151 153 166 147 141 129 123 140 138 136 139 146 135 125 94 78 81 74 77 71 79 67 80 71 100 76 113 92 129 95 140 90 148 90 175 111 197 101 184 102 169 123 259 148 286 133 284 124 166 99 161 101 141 86 120 90 126 81 116 88 137 94 125 85 85 98 77 84 73 86 74 81 77 80 85 99 100 111 118 124 131 127 125 120 137 152 161 185 182 183 187 198 217 267 258 263 243 176 174 172 155 126 124 124 122 110 113 113 116 110 124 125 122 107 
86 80 79 84 78 82 81 91 82 82 77 84 80 87 79 90 92 105 96 91 99 107 111 112 116 108 122 111 133 108 116 107 106 95 96 87 94 95 82 78 81 79 75 79 78 81 77 85 81 80 80 76 78 73 85 73 92 71 81 77 83 70 84 74 82 72 98 73 91 73 99 79 114 77 108 78 114 81 114 78 112 77 110 73 100 74 90 72 89 70 75 74 75 71 78 73 81 70 83 69 82 81 80 88 82 89 79 86 83 89 84 87 86 78 80 84 94 100 95 99 103 100 103 101 108 105 110 105 116 107 113 106 106 101 112 97 96 86 88 77 74 80 81 74 73 78 84 78 80 78 77 73 88 75 80 81 82 73 86 73 77 73 77 73 85 79 94 78 94 77 99 80 109 78 115 88 118 92 130 83 114 84 118 85 108 78 107 75 87 72 81 72 78 74 83 75 77 72 85 76 76 78 88 85 77 91 77 82 83 85 75 79 82 85 85 85 87 93 96 108 108 105 122 128 133 126 132 140 145 136 137 139 137 114 113 120 114 96 88 85 78 78 75 78 82 82 83 85 86 82 84 72 89 74 86 77 83 72 87 76 80 70 82 71 85 75 89 78 92 79 110 84 134 93 128 87 143 92 137 94 148 90 139 87 132 86 115 78 97 75 80 74 79 71 82 68 86 70 81 71 77 84 81 82 78 85 75 88 81 84 78 84 77 81 84 85 98 101 123 121 135 143 152 149 168 157 168 162 158 162 169 148 159 141 147 132 134 121 101 100 80 82 79 78 77 78 81 89 78 87 81 71 81 71 84 74 84 77 84 72 86 71 81 71 88 79 106 78 118 84 152 92 161 105 172 104 170 94 168 99 154 97 154 94 145 91 146 83 110 78 96 74 85 73 80 74 84 73 81 76 80 81 78 81 71 83 81 82 81 82 76 75 73 84 89 106 112 112 126 154 151 156 184 172 203 175 177 181 162 153 163 170 161 163 162 135 160 131 121 110 107 94 79 82 79 85 77 86 81 88 96 78 86 76 81 71 90 73 87 72 80 73 82 73 110 79 120 86 134 91 154 96 184 104 192 102 174 104 153 95 147 99 143 96 150 90 136 92 129 83 102 76 93 74 77 76 81 73 84 76 86 93 82 85 75 84 79 96 81 83 77 88 90 104 110 116 129 132 146 142 171 171 173 163 184 174 170 153 156 139 153 137 167 147 154 140 142 131 144 117 117 112 107 91 78 82 76 88 86 82 93 72 84 72 82 71 85 75 85 74 82 76 105 79 126 86 131 90 150 97 157 93 151 91 143 94 141 89 139 91 136 85 140 90 137 87 137 87 140 88 124 81 110 79 84 73 84 77 94 76 87 85 87 91 84 92 78 81 83 88 83 93 106 118 118 133 140 142 145 145 153 159 164 150 147 132 148 131 129 121 136 121 135 122 134 125 141 147 151 121 141 119 112 108 89 85 84 82 85 87 88 73 85 75 89 75 86 70 81 75 94 77 106 82 113 89 131 90 137 94 162 97 150 91 144 87 134 90 148 91 152 94 158 97 133 92 125 85 145 90 138 91 116 78 104 71 88 76 82 72 84 88 86 90 84 84 80 83 88 89 85 100 115 113 123 139 139 138 151 162 167 164 149 141 154 159 194 166 188 184 201 170 212 159 162 121 126 128 145 135 144 122 143 122 113 96 80 85 84 91 85 78 95 75 95 77 90 77 89 85 101 79 114 86 141 97 157 96 142 89 158 87 142 94 155 99 175 108 199 109 192 111 183 108 165 93 137 89 126 89 128 87 140 87 118 81 88 71 91 80 85 94 79 97 84 86 88 86 85 89 93 115 124 124 139 140 159 146 153 134 128 146 154 161 166 176 224 211 241 198 210 199 230 196 207 157 150 125 105 125 123 141 136 136 132 111 99 91 79 89 93 82 86 73 91 79 83 76 83 80 100 80 117 84 127 101 162 101 140 90 119 84 120 91 149 110 203 117 165 99 129 89 144 91 132 85 114 79 123 84 139 84 140 96 134 86 112 71 82 74 86 90 86 95 95 94 83 88 88 95 100 112 123 143 149 159 160 171 160 147 138 125 118 127 132 122 136 120 149 150 165 144 154 150 138 122 122 126 137 137 144 148 149 151 132 122 115 98 81 81 99 79 90 81 95 79 92 77 89 77 101 86 122 95 145 93 173 99 166 95 162 96 171 97 145 91 139 87 154 112 161 94 160 101 155 81 132 103 161 96 157 100 156 100 142 94 120 79 85 78 87 95 92 91 89 109 90 98 86 88 101 113 140 145 161 162 181 171 177 189 180 170 211 187 213 203 184 163 175 165 207 175 188 156 174 173 213 182 181 180 185 191 184 181 162 149 126 108 86 84 100 75 95 74 100 83 104 82 90 83 107 86 128 95 159 108 190 106 190 113 195 101 203 116 212 129 218 117 187 105 168 91 168 113 197 116 186 114 201 108 199 112 184 108 163 96 129 87 89 76 97 100 92 94 91 94 100 102 89 91 104 121 139 159 173 188 208 187 222 223 242 227 240 243 231 198 195 177 170 163 150 150 165 160 168 195 203 233 232 221 226 198 193 183 169 152 137 133 105 85 99 80 104 80 104 80 103 82 89 73 112 91 157 105 182 107 211 115 214 120 243 136 261 135 269 122 208 117 176 103 153 99 171 98 165 115 220 126 227 122 189 104 190 109 179 101 156 88 124 72 101 104 100 107 90 112 91 104 92 102 106 139 172 183 195 214 223 215 241 222 263 273 265 262 245 224 204 184 177 161 173 176 174 157 173 170 211 232 243 207 212 202 194 194 213 165 168 147 136 92 110 83 109 80 92 80 98 81 95 78 121 92 169 107 203 123 211 115 227 117 242 134 256 139 219 113 175 95 166 97 159 96 167 107 146 98 186 114 206 117 215 109 200 118 208 104 154 100 148 82 103 108 92 105 96 97 92 111 86 94 133 166 183 196 214 229 251 231 237 229 231 227 241 217 208 158 162 157 164 163 168 154 170 150 165 144 142 179 204 205 210 215 224 202 205 190 183 171 139 120 104 91 114 81 97 78 103 85 98 82 146 103 195 120 225 125 255 130 232 117 231 119 222 119 163 102 140 89 149 97 172 102 160 92 141 95 154 98 203 118 203 117 205 107 219 113 194 96 161 91 89 110 98 107 98 94 102 106 93 111 155 175 208 219 243 243 271 259 263 243 256 212 220 222 194 171 126 106 109 143 174 173 186 124 113 119 192 159 206 198 219 223 239 229 244 234 203 175 175 149 106 84 99 84 98 77 103 78 103 79 154 112 212 114 245 136 268 128 258 129 232 119 196 114 203 103 129 82 108 99 182 99 186 104 127 86 178 114 202 117 227 132 233 129 248 128 235 111 187 101 102 94 102 93 86 96 91 87 91 122 157 190 224 235 270 278 287 290 276 258 293 241 231 188 246 224 198 180 184 178 194 195 199 185 176 165 206 226 547 219 239 240 255 237 263 252 233 209 177 169 113 79 103 78 93 81 97 78 101 86 160 113 235 120 253 142 294 158 297 140 261 142 226 114 283 129 227 112 182 109 198 115 198 102 176 107 210 137 398 130 248 128 252 142 267 124 233 113 209 107 113 110 90 93 102 92 90 96 89 112 160 206 235 235 287 283 295 296 312 299 276 259 266 227 228 304 282 217 233 218 240 224 225 206 225 215 252 216 233 240 251 248 276 271 252 249 255 230 210 209 129 84 90 74 98 80 91 80 100 81 148 110 219 131 278 143 295 158 305 143 282 145 240 142 257 137 311 158 279 138 253 131 256 142 243 132 252 124 245 133 255 141 252 126 238 125 240 114 219 120 122 123 86 90 89 93 85 95 92 106 139 162 198 231 258 253 260 253 271 290 292 306 277 271 284 274 308 351 366 348 322 314 306 313 317 271 246 246 247 253 242 227 194 209 205 236 222 229 218 225 129 90 96 78 90 77 101 77 100 78 116 96 171 127 227 122 211 122 229 133 289 167 306 154 290 147 303 161 439 231 446 206 402 203 346 127 259 137 236 130 205 110 195 119 200 121 225 117 217 117 108 132 100 97 93 95 85 90 99 96 108 130 143 152 195 201 213 196 225 210 225 269 313 326 309 280 310 292 371 473 493 516 451 455 306 247 259 254 225 195 192 173 169 165 180 161 178 195 189 181 
 
DONE!!!

Saw done

bootloader: pi exited.  cleaning up
